End file ./firstRowMerge.txt
1489994035217040931
1489994035219408991
1489994035221519115
1489994035223547521
1489994035225705861
1489994035227526244
1489994035229582548
1489994035231412933
1489994035233141296
1489994035234855906
1489994035236588737
1489994035238734109
1489994035240809218
1489994035242798286
1489994035244832417
End file ./firstRowMerge.txt
1489994051013924197
1489994051016791814
1489994051018954289
1489994051021130103
1489994051023343173
1489994051027229894
1489994051029511482
1489994051031851858
1489994051033971052
1489994051036057342
1489994051037999513
1489994051039986618
1489994051042313451
1489994051044323825
1489994051046476613
End file ./firstRowMerge.txt
1489994053111978480
1489994053113894772
1489994053115771357
End file ./firstRowMerge.txt
1489994794323190114
1489994794325635204
1489994794328184931
1489994794330743770
1489994794333069392
1489994794335990239
1489994794338468507
1489994794340633305
1489994794342883397
1489994794345181304
1489994794347529168
1489994794350033730
1489994794352339471
1489994794354614303
1489994794356973310
End file ./merge/firstRowMerge.txt
1489994875784542586
1489994875788200504
1489994875791506988
1489994875794828714
1489994875797383791
1489994875799952146
1489994875802038768
1489994875804230546
1489994875806809900
1489994875809634433
1489994875812885426
1489994875815624123
1489994875818297213
1489994875821025746
1489994875823401404
End file ./merge/firstRowMerge.txt
