Start file ./merge/lastRowMerge.txt
<<<<<<< HEAD
1490006692660179065
1490006692663603627
1490006692666921166
1490006692669918782
1490006692673203258
1490006692675926502
1490006692678528998
1490006692681631603
1490006692684090232
1490006692686840686
=======
1490006687485631919
1490006687488344413
1490006687491474727
1490006687494634202
1490006687497685365
1490006687500989084
1490006687503824114
1490006687507255904
1490006687510984086
1490006687514151777
>>>>>>> 8de31691f429da354b143d1acbe772b12ec01c69
