Start file ./merge/N-N.txt
<<<<<<< HEAD
1491826448212830907
1491826448214751809
1491826448216470372
1491826448218695857
1491826448220852888
1491826448223213412
1491826448225490420
1491826448227697208
1491826448229771327
1491826448231708014
1491826448234002999
1491826448235970057
1491826448237583193
1491826448239666365
1491826448241856781
=======
1491826442571628656
1491826442572823826
1491826442574100313
1491826442578241046
1491826442579618024
1491826442581494632
1491826442583066193
1491826442584406907
1491826442586484440
1491826442588998023
1491826442591394786
1491826442594569150
1491826442597826522
1491826442605577753
1491826442607767719
>>>>>>> 22e7a7671e0bf88668d00a8ec12146b898c5182d
End file ./merge/N-N.txt
